50 200
88 55 77 9 50 49 77 60 68 33
71 2 88 93 15 88 69 97 35 99
83 44 15 38 56 21 59 1 93 93
34 65 98 23 65 14 81 39 82 65
78 26 20 48 98 21 70 100 68 1
77 42 63 3 15 47 40 31 8 31
73 11 11 94 63 9 98 69 99 17
17 85 61 71 22 34 68 78 55 28
70 97 94 89 26 92 40 52 86 84
48 57 67 58 16 32 29 9 44 3
76 71 30 76 29 1 10 91 81 8
30 9 5 43 10 66 31 36 86 63
28 70 17 93 74 74 61 32 61 53
25 13 13 85 56 46 55 53 60 94
7 87 84 83 13 8 52 94 44 14
32 25 25 69 58 18 55 24 36 60
32 10 57 71 13 7 84 70 2 12
97 31 22 53 63 62 28 52 8 22
49 1 50 34 59 37 55 90 94 72
85 92 63 20 25 38 28 8 75 95
29
4 7 10 11 19 22 26 33 41 45
49 51 57 65 68 70 74 80 83 89
98 99 111 116 146 180 195 197 199
37
14 16 17 25 32 34 35 37 38 40
44 46 61 67 78 90 96 99 100 102
110 112 120 133 141 143 145 147 148 158
161 164 172 178 185 186 187
44
3 12 13 15 18 19 25 38 41 57
61 64 72 73 76 78 84 85 92 94
101 115 118 127 128 130 135 136 142 147
149 150 151 157 158 159 170 171 180 183
187 192 196 197
38
1 9 28 32 35 37 50 51 56 59
65 66 78 84 96 100 102 106 107 113
116 126 127 129 131 138 140 144 157 167
173 176 179 180 186 188 194 196
43
2 4 16 20 25 30 31 37 40 41
52 57 58 59 70 75 76 81 87 91
97 100 102 103 106 112 118 119 122 124
126 127 131 134 147 148 157 158 162 165
166 173 181
46
1 3 9 24 30 35 37 43 45 46
53 57 60 61 63 64 68 75 76 79
85 89 96 102 106 112 113 120 121 127
129 132 133 139 141 143 147 155 156 162
165 170 171 178 192 196
42
4 7 8 13 15 18 39 40 41 49
51 56 64 74 77 82 84 90 94 95
101 102 104 105 106 109 121 123 129 131
135 138 141 148 156 175 176 180 182 193
194 195
44
2 8 11 17 18 20 28 38 39 40
47 48 51 59 60 65 68 87 89 92
96 99 100 104 107 109 115 116 120 122
139 144 145 153 161 162 163 167 175 182
185 187 191 199
49
4 5 10 13 21 28 34 35 38 49
50 66 70 73 84 85 86 92 93 98
99 100 103 106 116 117 132 133 134 135
138 142 149 158 160 162 165 166 167 169
174 180 182 183 184 188 193 195 199
44
8 12 13 14 25 26 31 38 42 53
59 69 73 74 75 78 80 94 98 103
106 108 111 112 113 123 125 132 134 136
139 142 143 146 158 159 167 170 174 183
184 186 187 191
35
1 6 11 14 15 24 29 34 39 57
59 64 67 77 79 81 112 113 120 122
130 136 138 139 156 158 163 168 170 173
177 184 186 195 199
36
14 17 22 27 35 42 44 48 49 51
57 62 63 79 99 100 110 111 117 123
124 130 134 136 146 149 154 155 161 162
163 167 196 197 199 200
39
15 16 18 19 21 26 38 40 45 47
48 49 59 65 69 72 82 84 86 96
122 123 128 134 137 138 150 152 162 163
169 177 183 187 190 193 195 199 200
30
3 5 9 13 23 24 31 32 36 38
44 48 56 66 96 97 104 108 112 114
116 134 143 161 172 174 178 187 188 190
36
15 24 27 31 33 37 46 47 49 57
58 59 61 68 72 76 80 84 88 90
101 105 109 115 118 121 134 137 139 141
163 168 186 190 194 196
48
2 3 4 6 13 14 15 24 25 26
28 29 30 38 40 43 45 46 53 57
67 69 72 76 80 82 93 95 96 99
121 123 130 136 137 144 146 148 158 161
164 173 175 176 178 187 190 194
37
3 4 5 8 9 17 18 29 44 47
51 56 58 61 64 75 80 81 84 87
89 100 106 116 123 132 138 143 148 151
161 169 180 186 190 192 199
43
8 9 15 16 29 30 33 36 42 43
44 45 47 48 49 59 60 61 63 66
69 70 83 86 94 96 98 103 109 110
114 126 139 153 154 157 161 169 175 190
191 193 199
56
6 8 21 24 30 46 49 50 51 57
58 60 64 66 69 70 76 78 81 82
84 85 87 104 107 115 116 120 127 130
132 136 137 139 142 144 146 150 152 156
161 163 168 173 176 179 180 181 190 191
192 195 196 197 198 200
47
4 7 13 15 20 22 24 33 39 40
46 47 49 53 55 59 60 70 81 82
91 92 101 107 111 112 115 116 121 126
132 133 134 137 144 151 156 163 165 167
170 173 178 184 185 190 197
41
1 3 4 18 20 21 23 28 30 36
43 44 61 63 64 72 76 78 85 90
103 105 116 119 120 125 128 141 151 156
160 162 166 168 174 175 177 184 187 188
190
47
9 10 14 16 17 20 24 30 32 34
36 41 44 47 51 63 64 70 71 73
75 87 96 98 105 107 111 112 121 129
131 132 133 134 135 149 153 154 170 174
182 183 185 189 194 198 199
39
5 13 15 18 33 37 41 44 47 63
71 78 81 82 84 96 99 107 109 111
115 118 122 126 132 139 146 148 149 152
157 162 167 168 174 178 189 191 192
43
6 12 13 39 41 42 46 49 66 78
85 86 89 90 93 94 95 101 106 109
112 120 127 130 133 136 137 138 140 141
147 153 154 158 159 160 163 164 180 181
182 183 185
36
15 18 22 26 31 32 33 34 36 40
44 55 69 72 73 76 80 82 93 112
127 130 132 133 136 137 141 147 154 159
161 176 181 186 188 191
43
2 4 16 17 21 22 26 34 35 40
46 52 60 64 65 75 83 88 89 96
102 105 112 118 120 121 132 140 151 154
158 160 165 173 174 178 180 182 183 184
191 197 200
40
3 14 21 32 33 36 41 45 54 57
63 64 65 68 69 70 72 79 85 91
94 100 105 107 112 114 120 130 136 138
140 144 146 165 172 176 185 187 194 195
42
9 11 13 18 19 20 23 27 29 35
41 42 43 47 55 59 61 63 76 78
81 102 104 105 106 107 114 115 117 118
119 121 133 139 144 146 155 156 157 167
180 200
44
6 11 23 29 30 43 51 55 57 60
66 71 74 77 81 85 95 101 102 105
114 125 126 127 128 129 130 136 137 139
142 154 156 157 158 159 161 162 166 173
175 181 187 192
45
4 15 23 25 28 32 34 35 36 38
42 43 47 58 60 64 65 68 69 72
74 80 87 89 91 93 96 104 105 112
119 120 137 144 149 150 166 173 174 175
178 184 189 198 199
44
1 15 24 25 29 33 37 38 43 45
46 48 51 57 62 63 69 71 75 82
87 90 100 102 106 108 126 128 137 138
142 147 149 151 165 173 174 180 185 186
188 190 192 195
39
9 26 30 33 34 41 44 45 51 52
60 63 64 66 69 70 73 76 80 84
92 94 102 114 115 117 124 134 145 154
161 164 172 177 178 179 185 190 197
43
1 5 9 17 18 20 24 29 41 60
65 69 70 73 86 101 104 108 118 122
126 127 128 129 133 135 139 140 147 151
158 163 167 170 175 178 181 183 184 185
187 199 200
37
1 3 7 19 27 28 42 45 55 62
74 79 86 100 101 104 112 115 121 122
130 133 135 138 144 147 154 160 161 165
167 168 184 186 188 194 198
39
5 6 12 17 19 30 32 33 37 41
48 49 59 60 65 71 76 81 86 89
93 94 95 98 118 135 137 145 147 149
151 170 180 185 189 191 193 196 198
48
7 8 11 13 21 22 28 29 45 46
47 50 54 57 64 66 68 69 71 88
90 97 103 104 106 107 109 110 118 128
131 133 138 147 161 162 164 165 167 169
175 180 181 188 190 191 193 195
42
3 18 22 26 35 38 40 51 52 53
56 60 61 72 79 82 83 97 108 109
111 113 119 125 128 137 146 159 160 164
165 170 171 172 177 185 186 187 191 196
197 200
35
1 3 12 23 32 35 40 43 46 48
55 61 63 70 73 80 81 85 89 94
97 99 101 103 115 121 125 126 128 132
167 170 178 186 194
43
2 3 18 23 28 33 39 49 54 57
61 67 84 96 98 103 104 107 110 113
114 116 123 127 128 131 132 138 144 145
147 155 156 158 159 170 174 179 183 184
186 187 197
44
3 7 14 20 22 24 25 29 33 34
38 42 44 54 56 66 75 76 80 82
90 94 101 103 110 113 120 125 127 130
135 136 142 146 157 161 165 170 172 176
182 184 190 200
48
4 9 10 15 24 26 30 40 42 45
52 56 58 61 63 66 67 76 77 80
81 90 91 96 103 112 120 122 124 125
126 131 145 148 149 157 158 163 165 167
169 172 180 183 187 188 194 200
46
4 7 17 23 35 37 41 42 59 62
73 75 80 91 94 102 105 110 123 124
125 127 128 130 131 133 138 141 149 152
153 156 166 170 171 172 173 179 180 183
186 190 192 195 196 198
46
1 3 4 7 13 16 19 20 21 22
23 24 28 33 34 35 41 43 44 45
51 59 64 65 69 73 82 83 90 99
106 107 108 114 118 125 132 135 136 147
148 156 159 170 194 195
44
2 9 14 17 19 22 34 40 51 52
58 61 68 79 80 81 84 88 90 94
95 102 106 107 110 115 125 130 131 132
144 154 158 159 170 173 174 182 184 185
188 189 195 200
39
12 14 15 16 21 24 26 27 29 31
43 44 45 46 48 50 56 58 64 72
75 91 94 111 115 131 136 139 142 159
163 172 183 186 187 189 190 193 194
40
1 4 7 9 11 18 19 26 28 32
42 58 66 67 69 70 73 76 77 79
97 113 118 120 121 126 129 130 133 142
144 146 150 162 163 168 175 188 192 194
37
1 11 13 18 29 30 38 39 44 54
55 60 84 88 89 94 95 106 107 110
113 116 122 123 130 132 144 148 149 155
157 162 163 164 177 188 191
42
1 11 14 15 20 22 30 38 39 43
45 47 48 60 61 66 70 82 84 88
94 101 105 117 123 128 136 139 147 148
149 150 154 158 161 167 173 186 188 193
194 199
43
3 4 9 24 28 36 38 40 49 51
54 56 57 62 71 72 73 77 80 88
92 96 97 98 106 110 111 124 125 133
142 146 149 152 155 156 178 181 183 185
189 196 197
49
1 2 9 10 27 31 32 33 35 36
39 43 47 55 59 68 69 70 75 76
84 91 95 101 104 107 110 113 114 115
120 122 124 125 126 146 147 149 156 167
171 177 178 182 185 188 191 194 197
